<?xml version="1.0"?>
<opencv_storage>
<trained type_id="opencv-object-detector-hog">
  <winSize>
    64 64</winSize>
  <blockSize>
    16 16</blockSize>
  <blockStride>
    8 8</blockStride>
  <cellSize>
    8 8</cellSize>
  <nbins>9</nbins>
  <derivAperture>1</derivAperture>
  <winSigma>4.</winSigma>
  <histogramNormType>0</histogramNormType>
  <L2HysThreshold>2.0000000000000001e-01</L2HysThreshold>
  <gammaCorrection>1</gammaCorrection>
  <nlevels>64</nlevels>
  <signedGradient>0</signedGradient>
  <SVMDetector>
    -8.02809838e-03 -1.80283543e-02 -2.80650966e-02 -2.49326676e-02
    -1.37712788e-02 4.05591540e-03 1.65245719e-02 1.67869460e-02
    8.53653252e-03 -5.03320480e-03 -2.03231573e-02 -2.22288016e-02
    -1.04270587e-02 8.19372653e-04 1.59169715e-02 1.56589765e-02
    2.19264347e-02 -1.65826845e-04 1.12614147e-02 -7.97021668e-03
    -2.98583750e-02 -1.80005319e-02 -2.16878089e-03 1.44363064e-02
    2.35724486e-02 2.56879572e-02 1.81955360e-02 1.85681600e-02
    -7.67412549e-03 -8.58482625e-03 -9.73049458e-03 1.23089021e-02
    1.40042752e-02 1.15336794e-02 2.16093194e-02 2.13351566e-02
    -9.63437092e-03 -1.91588178e-02 -2.06436496e-02 -1.61542557e-02
    -7.55208684e-03 8.73800926e-03 1.78478826e-02 1.19209383e-02
    2.24779185e-04 -8.74345005e-03 -8.01492948e-03 2.55429884e-03
    1.66172662e-03 4.25465964e-03 9.01985262e-03 8.10907409e-03
    7.88434292e-04 -6.63675321e-03 2.03203447e-02 5.02581289e-03
    4.76352172e-03 -1.43864769e-02 -5.42114303e-03 -8.44598003e-03
    -2.54922104e-03 1.13121914e-02 1.82215832e-02 2.60801185e-02
    3.57195772e-02 3.24300267e-02 1.34511164e-03 -7.09482655e-03
    -1.71607211e-02 -1.55470995e-02 -4.24416224e-03 7.56987324e-03
    -2.30208617e-02 -1.44392420e-02 -1.26772304e-03 4.33835713e-03
    1.20780068e-02 -8.84170923e-03 -7.08832871e-03 -1.09883100e-02
    -7.34493043e-03 -8.95016652e-04 -4.93615773e-03 -7.02063693e-03
    -1.76736657e-02 3.06770205e-04 -1.15413070e-02 -4.54513915e-03
    2.20503961e-03 7.47488672e-03 2.82643512e-02 3.31602730e-02
    2.28358041e-02 -5.69503754e-03 -1.01509169e-02 -2.55888700e-02
    -2.48643644e-02 -1.23373698e-02 6.66546356e-03 4.97181900e-02
    4.04651016e-02 1.01454230e-02 -2.86980271e-02 -2.06339620e-02
    -2.55731139e-02 -1.06860865e-02 8.62849038e-03 3.94009426e-02
    1.36855128e-03 -1.33789927e-02 -1.84318144e-02 -2.89055854e-02
    -1.13523174e-02 -1.57093462e-02 -1.42756253e-02 1.49282615e-03
    -1.77030812e-03 -2.61193025e-03 -4.82069189e-03 -1.33626834e-02
    -1.78712253e-02 -7.22802384e-03 -1.59396138e-02 -1.18587036e-02
    6.05172536e-04 6.72732107e-03 6.58427998e-02 2.56129242e-02
    -4.03858814e-03 -3.26632932e-02 -2.67371442e-02 -3.20130885e-02
    -1.98232923e-02 1.49026914e-02 5.41246124e-02 4.48434688e-02
    -5.50065236e-03 -2.13591773e-02 -3.30810547e-02 -3.40916701e-02
    -4.71571982e-02 -9.82553465e-04 3.80667262e-02 6.54439703e-02
    -4.95293178e-03 -4.15590126e-03 3.52197816e-03 -1.48888389e-02
    -6.65582856e-03 -4.60764812e-03 -2.92279269e-03 7.66889565e-03
    2.48656841e-03 -8.56406428e-03 1.00735482e-03 1.22029418e-02
    2.41805566e-03 -1.07023250e-02 -8.84579401e-03 -1.90773457e-02
    -8.21616594e-03 -6.59225089e-03 2.08791196e-02 -1.49659105e-02
    -1.86533779e-02 -2.57596243e-02 -3.02046277e-02 -2.75725666e-02
    2.77376082e-02 5.11536524e-02 5.72598130e-02 -1.74521294e-04
    -1.32503714e-02 -1.15645351e-02 -1.08670015e-02 -2.46076230e-02
    -1.10672833e-02 2.51520872e-02 3.66172083e-02 1.60596706e-02
    -2.61022593e-03 6.13337895e-03 1.72673576e-02 1.06461095e-02
    4.82941652e-03 -9.40105703e-04 -6.86055981e-03 -5.55244042e-03
    -8.63794889e-03 1.15567993e-03 7.61876907e-03 1.49412937e-02
    1.63461529e-02 3.85387894e-03 -9.10366978e-03 -1.45089328e-02
    -2.20069271e-02 -1.86341237e-02 -3.29905213e-03 -1.06843794e-02
    8.38478911e-04 9.10057686e-03 -7.30667775e-03 1.16407853e-02
    2.00600605e-02 2.52398718e-02 -2.71541020e-03 -7.14257034e-03
    -2.83525535e-03 5.53175295e-03 1.23002334e-02 7.59989629e-03
    3.04422923e-03 2.87276693e-03 2.91922060e-03 -1.51603809e-03
    4.06042859e-03 1.44807715e-02 1.47043597e-02 1.60498694e-02
    2.16873013e-03 -3.59711680e-03 -8.51164199e-03 -9.42853745e-03
    -1.23810116e-02 4.19099629e-03 1.18407458e-02 1.48006054e-02
    1.74591839e-02 9.65873012e-04 -4.28481866e-03 -6.06995542e-03
    -9.40211955e-03 -1.88652761e-02 7.15738023e-03 1.27677377e-02
    2.30130553e-02 2.50862073e-02 1.43656740e-02 -5.14313579e-03
    -5.10352012e-03 -1.18720345e-02 -5.78989391e-04 1.32519910e-02
    1.23836026e-02 2.89612617e-02 2.48285197e-02 1.15133207e-02
    -1.28073583e-03 -1.12050110e-02 -1.98908634e-02 -1.35990104e-03
    -7.97843654e-03 -1.06141157e-02 -2.21322216e-02 -2.25053634e-02
    -1.39265405e-02 2.43456947e-04 1.08901728e-02 1.35249970e-02
    -2.92020792e-04 9.16370563e-03 1.49207923e-03 5.88570861e-03
    -1.19508952e-02 -8.84529203e-03 -1.21325832e-02 -6.68851426e-03
    -7.44609954e-03 4.77629714e-04 -1.63302012e-02 -9.44091938e-03
    -5.08390774e-04 1.82302482e-03 1.41525874e-03 6.50285091e-03
    2.13143472e-02 1.56538691e-02 3.53911449e-03 -1.09719345e-02
    2.22946759e-02 4.61271480e-02 3.58731970e-02 1.77644063e-02
    -3.71841341e-03 -6.75858418e-03 -1.44376894e-02 -1.77807212e-02
    8.54230579e-03 1.93402786e-02 3.28856297e-02 -9.52394865e-03
    -2.49786116e-02 -3.13536413e-02 -3.23982574e-02 -1.91547386e-02
    -7.83175789e-03 2.24424340e-02 6.09457046e-02 5.61501831e-02
    -9.59756505e-03 -3.79645899e-02 -4.61623333e-02 -4.44715507e-02
    -2.89349072e-02 -1.48519883e-02 -1.76792918e-03 5.90116344e-02
    7.40086660e-02 4.22029011e-02 -7.94846215e-04 -3.03702336e-02
    -3.90224606e-02 -3.40662897e-02 -2.69044396e-02 8.18166789e-03
    6.04284965e-02 5.93260936e-02 1.15687596e-02 -3.65641527e-02
    -3.19385417e-02 -3.24302837e-02 -2.39480082e-02 -2.45012958e-02
    4.01105620e-02 5.82979582e-02 4.55907509e-02 -1.11835506e-02
    -1.76183935e-02 -2.72148065e-02 -2.27758437e-02 -1.05901957e-02
    1.60441659e-02 4.86603826e-02 4.43575382e-02 1.89695321e-02
    -7.65123544e-03 -8.23255628e-03 -1.54750468e-02 -1.49495024e-02
    8.82368186e-04 3.47795747e-02 2.46597081e-03 2.48303730e-02
    2.37237848e-02 -1.67114660e-02 -1.40662212e-02 -4.10948880e-03
    -1.95704796e-03 -9.10239178e-04 -9.61710420e-03 -9.22808331e-03
    -7.48126348e-03 -1.11704245e-02 -1.28831044e-02 3.40686971e-03
    -3.87938134e-03 -3.55619402e-03 -4.07949882e-03 -1.62117053e-02
    6.12706356e-02 3.51234451e-02 1.50067760e-02 -2.87665403e-03
    -3.91620351e-03 -1.30529236e-02 -1.35436459e-02 1.77381337e-02
    5.19663207e-02 4.11422215e-02 1.48165750e-03 -5.58780367e-03
    3.94858187e-03 -1.08525893e-02 -2.23678667e-02 9.99296550e-03
    3.46595123e-02 5.73632009e-02 -1.19796619e-02 -1.85026154e-02
    -2.02294569e-02 -6.38924632e-03 -1.00273697e-03 -7.88508332e-04
    -8.10790807e-03 -5.40379994e-03 -1.77387130e-02 -9.41769872e-03
    -1.40196774e-02 -1.53332390e-02 -1.25876488e-03 -4.28439863e-03
    -6.56390097e-03 -6.42293645e-03 -2.73971423e-03 -6.47009769e-03
    1.07829990e-02 -1.72265787e-02 -1.64947826e-02 -1.22837471e-02
    -1.93495508e-02 -1.97369289e-02 3.80379371e-02 6.08258396e-02
    5.63951991e-02 -3.94991646e-03 -9.17713903e-03 -1.61636677e-02
    -1.39667653e-02 -2.55186725e-02 -3.46007268e-03 5.84095195e-02
    6.35335594e-02 3.67043316e-02 -1.75743587e-02 -1.98812224e-02
    -1.82079747e-02 -1.14365369e-02 -1.85662974e-02 -1.72726419e-02
    -3.04928492e-03 -3.50769405e-04 -1.63702201e-02 -1.82677321e-02
    -1.63956434e-02 -1.90088954e-02 -1.75417382e-02 -2.68762410e-02
    -5.63498260e-03 4.20918725e-02 3.78559977e-02 -8.13912973e-03
    -1.64871383e-02 -1.65658109e-02 -1.65241081e-02 -1.17220068e-02
    -2.37169042e-02 -2.40502506e-03 5.69756590e-02 6.20476790e-02
    5.93552715e-04 -9.94663313e-03 -1.69696342e-02 -1.63789336e-02
    -1.33609185e-02 -8.58764444e-03 -1.04309116e-02 1.76495649e-02
