<?xml version="1.0"?>
<opencv_storage>
<s64d794f40 type_id="opencv-object-detector-hog">
  <winSize>
    64 64</winSize>
  <blockSize>
    16 16</blockSize>
  <blockStride>
    8 8</blockStride>
  <cellSize>
    8 8</cellSize>
  <nbins>9</nbins>
  <derivAperture>1</derivAperture>
  <winSigma>4.</winSigma>
  <histogramNormType>0</histogramNormType>
  <L2HysThreshold>2.0000000000000001e-01</L2HysThreshold>
  <gammaCorrection>1</gammaCorrection>
  <nlevels>32</nlevels>
  <signedGradient>0</signedGradient>
  <SVMDetector>
    -1.62697360e-02 -2.96429303e-02 -1.49466228e-02 -3.61089520e-02
    -9.80407279e-03 -9.97189060e-03 4.37665991e-02 2.16296967e-02
    -1.30576733e-02 1.15901595e-02 -9.86963790e-03 -4.37382929e-04
    -1.67544093e-02 4.24599927e-03 6.94442354e-03 6.45667464e-02
    2.52548475e-02 -5.59390895e-03 -5.92570473e-03 -9.65401623e-03
    -3.71804577e-03 -2.21395101e-02 -1.21609448e-02 -1.63637078e-03
    4.66294363e-02 4.90105599e-02 1.18838884e-02 8.02256353e-03
    1.23380767e-02 -4.28976445e-03 -1.77119188e-02 -1.27427168e-02
    -3.71264690e-03 1.85974631e-02 2.05081329e-02 8.83867685e-03
    -1.03345048e-02 2.98329024e-03 -3.17583559e-03 -7.28609832e-03
    -7.36911176e-03 -3.91481491e-03 4.07950282e-02 1.91821437e-02
    -1.54025061e-02 6.04331028e-03 1.14144171e-02 1.60759613e-02
    1.23567712e-02 -2.86945514e-03 -8.42297077e-03 4.24920805e-02
    3.63817662e-02 -1.98439788e-02 -6.87423395e-03 -1.02269584e-02
    -2.41142772e-02 -3.67413014e-02 -9.26080742e-04 1.90170319e-03
    1.92889236e-02 2.36635655e-02 4.84635448e-03 -6.36890205e-03
    -9.84048471e-03 1.29237389e-02 -2.27770098e-02 -2.53891610e-02
    5.00248605e-03 7.13298563e-03 1.97834019e-02 -3.71091254e-03
    -1.50479786e-02 -1.76448864e-03 -2.69932440e-03 9.93324257e-03
    3.36508565e-02 -2.48380657e-02 7.65345665e-03 1.99422613e-02
    -4.71060649e-02 -1.05018448e-02 -4.76347543e-02 -4.63151522e-02
    -3.13931629e-02 5.07394448e-02 3.89943132e-03 -9.93412919e-03
    -3.66201415e-03 -1.20308260e-02 1.44583378e-02 -1.45779573e-03
    2.79615503e-02 1.33580342e-02 -4.62336605e-03 -2.38624196e-02
    -2.78849732e-02 -3.43702361e-03 1.07333222e-02 6.81682080e-02
    2.61431113e-02 1.23386066e-02 -2.46906914e-02 2.62521580e-02
    -2.11814977e-02 -4.54677194e-02 -1.30098619e-04 6.29672632e-02
    -3.21071520e-02 -4.11014073e-02 -2.51832213e-02 -3.89007069e-02
    2.11485513e-02 2.37485785e-02 -4.41264035e-03 -1.73571967e-02
    -3.15422914e-03 -4.18811776e-02 -1.98940039e-02 -2.11965037e-03
    -3.01007256e-02 -4.34066402e-03 -1.42731015e-02 -3.48297507e-02
    -3.99223082e-02 -2.33487296e-03 9.33344513e-02 8.33732169e-03
    9.13839880e-03 -4.48258333e-02 -5.43909939e-03 -2.61963494e-02
    -3.48564126e-02 -4.32801899e-03 8.99288878e-02 4.99617830e-02
    4.21415130e-03 2.00458383e-03 -4.87893894e-02 -4.49582525e-02
    -2.82161068e-02 4.12965901e-02 1.83564425e-02 7.62976408e-02
    -9.22644977e-03 -1.12235388e-02 3.35771516e-02 -2.93697056e-04
    1.11167692e-02 6.66447030e-03 -2.41841041e-02 -2.63947695e-02
    -1.95144094e-04 -6.94564125e-03 -7.04128249e-03 2.43146997e-02
    5.45643643e-03 -6.63125562e-03 -1.13764415e-02 -2.51859426e-02
    -1.81117579e-02 -8.86332616e-03 5.27231917e-02 1.64489765e-02
    3.00948508e-02 -9.06749256e-03 -2.60691363e-02 -4.66814637e-03
    4.57682945e-02 2.50454731e-02 7.65664428e-02 1.12891495e-02
    -7.34054623e-03 2.69006919e-02 -1.73544453e-03 3.97777045e-03
    -1.42025296e-02 -1.25595303e-02 -2.09066160e-02 1.95808001e-02
    -1.72666386e-02 2.42693201e-02 4.41211425e-02 2.24885028e-02
    1.59590002e-02 6.37622410e-03 -1.24637084e-02 -8.53789039e-03
    -8.04483891e-03 -2.45694742e-02 4.88649355e-03 2.37171855e-02
    2.23109908e-02 1.98203418e-02 1.85481682e-02 1.92339835e-03
    1.45760569e-04 -6.86357915e-03 2.25636759e-03 -1.27679214e-03
    3.07425410e-02 4.14992459e-02 4.61099781e-02 -2.12257425e-03
    -3.23600918e-02 -3.18145864e-02 3.36653506e-03 -1.58930942e-02
    1.77210744e-03 2.61224583e-02 3.11709419e-02 3.52300592e-02
    -5.92155149e-03 -2.35222373e-02 -1.45552531e-02 -2.83759870e-02
    1.34107778e-02 -8.23014695e-03 9.02730599e-03 1.88529827e-02
    5.82887977e-03 1.23521760e-02 4.31143399e-03 9.03620909e-04
    1.46339424e-02 1.38086919e-03 2.51119980e-03 1.49369622e-02
    3.56536247e-02 4.31695022e-03 5.10980515e-03 -1.82757471e-02
    -2.44567543e-02 -2.86073680e-03 -1.95632945e-03 -2.20242552e-02
    2.11496558e-02 4.03201953e-03 -2.04246137e-02 -2.81900615e-02
    -2.20294055e-02 7.66278431e-03 2.13357620e-03 -6.38853479e-03
    -2.44615395e-02 2.08952799e-02 6.47987844e-03 -1.56212123e-02
    -2.04262566e-02 6.74732000e-05 2.20784470e-02 1.69545431e-02
    -1.60274319e-02 -1.00764399e-02 -1.17747514e-02 -3.42364330e-03
    -4.73172590e-03 6.22276682e-03 2.69697085e-02 5.36957160e-02
    1.10568060e-02 2.07683146e-02 2.29020119e-02 1.42320506e-02
    -2.62143314e-02 5.74805262e-03 -3.86424619e-03 -2.18565073e-02
    -1.26410201e-02 1.89744551e-02 -4.01894283e-03 -1.88754443e-02
    -3.00623421e-02 3.20904218e-02 -6.65558781e-03 -4.45081107e-03
    3.41499634e-02 7.44390301e-03 -4.66455892e-03 3.96038499e-03
    2.33950131e-02 3.44563201e-02 2.44718939e-02 3.19628343e-02
    3.12477127e-02 2.47297380e-02 7.73991086e-03 8.82651564e-03
    -8.17231461e-03 -6.12164522e-03 1.80156413e-03 -6.61814660e-02
    -1.07197650e-02 -1.83556695e-02 -2.30345782e-02 -2.69056559e-02
    -2.29037143e-02 3.12535092e-02 2.71731578e-02 4.35511060e-02
    -1.43842250e-02 -2.46617664e-02 -1.43427467e-02 -3.46122198e-02
    -3.10064070e-02 -1.96677744e-02 -9.94748157e-03 6.37864843e-02
    5.66513687e-02 2.20427513e-02 3.71920243e-02 -1.82619912e-03
    -2.01138295e-02 -4.01956290e-02 -4.03357968e-02 4.00892943e-02
    7.76572153e-02 9.75148305e-02 3.99757512e-02 4.40341644e-02
    3.30137834e-03 -2.82807276e-02 -5.12946248e-02 -2.62765251e-02
    5.86505830e-02 7.40820915e-02 8.11019540e-02 1.07193151e-02
    -3.50453593e-02 -2.49449369e-02 -1.64636541e-02 -5.77642955e-03
    4.45247702e-02 7.13275969e-02 7.96042681e-02 3.43636759e-02
    -2.22509298e-02 -3.01453695e-02 -3.51743624e-02 -3.69836204e-02
    1.07490504e-02 9.09968242e-02 4.71376032e-02 7.21485987e-02
    8.00338909e-02 1.07174786e-03 -2.48061921e-02 -2.36497819e-02
    -1.65548548e-02 -1.56521667e-02 -2.73764879e-03 2.50920607e-03
    3.36639546e-02 3.95922661e-02 -2.99361069e-02 -3.51472944e-02
    -3.07191052e-02 -1.63068529e-02 -2.91229133e-02 -1.21910628e-02
    9.65904295e-02 2.32927501e-02 3.35431919e-02 -1.13444757e-02
    -6.37191813e-03 -1.13231624e-02 -2.21936814e-02 3.36956270e-02
    8.58081654e-02 6.75759614e-02 3.22144218e-02 -3.62244411e-03
    -4.52146586e-03 -3.20798606e-02 -6.31958898e-03 5.01342304e-02
    5.35986535e-02 9.50675681e-02 -1.18631758e-02 6.75775902e-03
    -1.73221361e-02 -1.20695001e-02 1.82807655e-03 -1.28279962e-02
    -9.36876982e-03 -1.32472245e-02 -6.98602106e-03 1.50324255e-02
    1.24692116e-02 -4.62454334e-02 -1.44671192e-02 -1.00632096e-02
    -1.58338752e-02 -1.39539521e-02 2.92341281e-02 3.23261321e-02
    5.66717908e-02 -9.38071811e-04 -1.71712916e-02 -3.15496624e-02
    -4.31592353e-02 -6.19118940e-03 1.03493698e-01 9.38088447e-02
    1.05462387e-01 2.17640270e-02 -7.92166684e-03 -2.32673739e-03
    -4.10842188e-02 -2.62395609e-02 1.03937864e-05 8.75485986e-02
    8.69391412e-02 4.31133509e-02 -2.94563733e-02 -4.08143625e-02
    -3.61608528e-02 -3.08567621e-02 -4.58048061e-02 -2.34517716e-02
    3.56658995e-02 3.47642787e-02 2.32477970e-02 -2.48920303e-02
    -1.90688930e-02 -2.70528235e-02 -6.29769936e-02 -2.81706806e-02
    4.74253148e-02 4.85789776e-02 6.57799244e-02 3.53316925e-02
    -8.84786714e-03 -1.77860782e-02 -3.51157738e-03 -5.94911340e-04
    3.89583246e-03 -7.55340559e-03 6.33806363e-02 4.21025231e-02
    -6.76250551e-03 -3.72222736e-02 -1.68238338e-02 -1.60172861e-02
    -1.98085923e-02 -3.06899995e-02 -2.91654952e-02 -4.11784537e-02
